9800 6400 9856 11 1163035 32
9796 1432 169
4165 4372 119
2764 277 91
9216 3269 218
9213 4855 26
972 1411 30
8836 2703 127
9339 4851 154
8205 3833 246
5830 582 149
8489 2025 224
4832 2945 84
3222 1854 196
6608 5787 40
4577 2003 180
1129 5688 239
1070 3908 38
6254 3219 56
3770 3420 22
6472 5536 177
7967 4390 68
7293 361 54
5689 805 7
2028 1037 122
4419 2000 250
4228 2890 173
9570 4012 84
2006 1514 6
4462 17 23
5807 4922 68
1182 3974 228
6051 5439 66
0 0060036017702328 0 9000 6000 0 216 96 8482 5847 9302 6154 0 251740 1 000 1 conformance hi-interior-left
1 0060036113882328 0 9000 5000 1 216 96 8698 4847 9518 5154 251740 251740 1 000 1 conformance hi-interior-right
2 0030018018ff2647 0 9799 6399 0 96 48 9569 6323 9800 6400 503480 17787 1 000 1 conformance hi-corner-br
3 006003610c802647 0 9799 3200 1 216 96 9497 3047 9800 3354 521267 93021 1 000 1 conformance hi-edge-right
4 006003600c801388 0 5000 3200 0 216 96 4482 3047 5302 3354 614288 251740 1 000 1 conformance hi-boundary-820
5 006003640c801388 0 5000 3200 0 217 96 4480 3047 5303 3354 866028 0 0 024 0 extractor_edge hi-overflow-823
6 006103600c801388 0 5000 3200 0 216 97 4482 3045 5302 3355 866028 0 0 048 0 extractor_edge hi-overflow-h310
7 001d02d517fb1dfd 0 7677 6139 1 181 29 7424 6093 8111 6185 866028 63204 1 000 1 conformance hi-random-00
8 002100cc143d1998 0 6552 5181 0 51 33 6430 5129 6623 5234 929232 20265 1 000 1 conformance hi-random-01
9 003e035c18ab1967 0 6503 6315 0 215 62 5987 6216 6804 6400 949497 150328 1 000 1 conformance hi-random-02
10 005c00e515951aa5 1 6821 5525 1 57 92 6742 5378 6957 5672 1099825 63210 1 000 1 conformance hi-random-03
