1009 503 66 1996086
0 0060036000fb0258 0 600 251 0 216 96 82 98 902 405 0 251740 1 000 1 conformance anchor-max-left
1 0060036100fb0190 0 400 251 1 216 96 98 98 918 405 251740 251740 1 000 1 conformance anchor-max-right
2 006000b400fb0258 0 600 251 0 45 96 492 98 663 405 503480 52497 1 000 1 conformance rational-guard-left
3 006000b500fb0258 0 600 251 1 45 96 537 98 708 405 555977 52497 1 000 1 conformance rational-guard-right
4 002d00b400fb0258 0 600 251 0 45 45 492 179 663 323 608474 24624 1 000 1 conformance rational-guard-square
5 0004001000fb0258 0 600 251 0 4 4 591 245 605 257 633098 168 1 000 1 conformance envelope-min
6 0060001000fb0258 0 600 251 0 4 96 591 98 605 405 633266 4298 1 000 1 conformance envelope-min-w-max-h
7 0004036000fb0258 0 600 251 0 216 4 82 245 902 257 637564 9840 1 000 1 conformance envelope-max-w-min-h
8 0030018000000000 0 0 0 0 96 48 0 0 134 77 647404 10318 1 000 1 conformance corner-tl-left
9 00300180000003f0 0 1008 0 0 96 48 778 0 1009 77 657722 17787 1 000 1 conformance corner-tr-left
10 0030018001f60000 0 0 502 0 96 48 0 426 134 503 675509 10318 1 000 1 conformance corner-bl-left
11 0030018001f603f0 0 1008 502 0 96 48 778 426 1009 503 685827 17787 1 000 1 conformance corner-br-left
12 0030018000fb0000 0 0 251 0 96 48 0 175 134 328 703614 20502 1 000 1 conformance edge-left-left
13 0030018000fb03f0 0 1008 251 0 96 48 778 175 1009 328 724116 35343 1 000 1 conformance edge-right-left
14 00300180000001f4 0 500 0 0 96 48 270 0 634 77 759459 28028 1 000 1 conformance edge-top-left
15 0030018001f601f4 0 500 502 0 96 48 270 426 634 503 787487 28028 1 000 1 conformance edge-bottom-left
16 0030018100000000 0 0 0 1 96 48 0 0 230 77 815515 17710 1 000 1 conformance corner-tl-right
17 00300181000003f0 0 1008 0 1 96 48 874 0 1009 77 833225 10395 1 000 1 conformance corner-tr-right
18 0030018101f60000 0 0 502 1 96 48 0 426 230 503 843620 17710 1 000 1 conformance corner-bl-right
19 0030018101f603f0 0 1008 502 1 96 48 874 426 1009 503 861330 10395 1 000 1 conformance corner-br-right
20 0030018100fb0000 0 0 251 1 96 48 0 175 230 328 871725 35190 1 000 1 conformance edge-left-right
21 0030018100fb03f0 0 1008 251 1 96 48 874 175 1009 328 906915 20655 1 000 1 conformance edge-right-right
22 00300181000001f4 0 500 0 1 96 48 366 0 730 77 927570 28028 1 000 1 conformance edge-top-right
23 0030018101f601f4 0 500 502 1 96 48 366 426 730 503 955598 28028 1 000 1 conformance edge-bottom-right
24 0038002800a50362 0 866 165 0 10 56 842 76 880 255 983626 6802 1 000 1 conformance random-00
25 0048029901f10265 0 613 497 1 166 72 381 382 1009 503 990428 75988 1 000 1 conformance random-01
26 000d034800ac0048 0 72 172 0 210 13 0 152 366 193 1066416 15006 1 000 1 conformance random-02
27 000f0174018c00ff 0 255 396 0 93 15 32 372 385 420 1081422 16944 1 000 1 conformance random-03
28 0040004400640050 0 80 100 0 17 64 40 0 103 202 1098366 12726 1 000 1 conformance random-04
29 001e0360004a0115 0 277 74 0 216 30 0 26 579 122 1111092 55584 1 000 1 conformance random-05
30 003e0028003f00f0 0 240 63 0 10 62 216 0 254 162 1166676 6156 1 000 1 conformance random-06
31 004101710177033f 0 831 375 1 92 65 703 271 1009 479 1172832 63648 1 000 1 conformance random-07
32 002701ed01370147 0 327 311 1 123 39 155 249 622 373 1236480 57908 1 000 1 conformance random-08
33 000c02f40030021b 0 539 48 0 189 12 86 29 803 67 1294388 27246 1 000 1 conformance random-09
34 00210348004d00ab 0 171 77 0 210 33 0 25 465 130 1321634 48825 1 000 1 conformance random-10
35 0056032101c4005b 0 91 452 1 200 86 0 315 571 503 1370459 107348 1 000 1 conformance random-11
36 0026035d014200aa 0 170 322 1 215 38 0 262 686 383 1477807 83006 1 000 1 conformance random-12
37 003a026800ed02ae 0 686 237 0 154 58 317 145 901 330 1560813 108040 1 000 1 conformance random-13
38 005702b1004301d1 0 465 67 1 172 87 225 0 877 206 1668853 134312 1 000 1 conformance random-14
39 005c00a100430115 0 277 67 1 40 92 221 0 373 214 1803165 32528 1 000 1 conformance random-15
40 0055012901a00399 0 921 416 1 74 85 818 280 1009 503 1835693 42593 1 000 1 conformance random-16
41 005f026c01c7019d 0 413 455 0 155 95 41 303 630 503 1878286 117800 1 000 1 conformance random-17
42 0000000000fb0258 0 600 251 0 0 0 600 251 602 253 1996086 0 0 00c 0 extractor_edge min-template-left
43 0000000100fb0258 0 600 251 1 0 0 600 251 602 253 1996086 0 0 00c 0 extractor_edge min-template-right
44 0001000400fb0258 0 600 251 0 1 1 598 250 601 253 1996086 0 0 00c 0 extractor_edge tiny-template
45 0060036400fb0258 0 600 251 0 217 96 80 98 903 405 1996086 0 0 024 0 extractor_edge tw-217-first-illegal
46 0061036000fb0258 0 600 251 0 216 97 82 96 902 406 1996086 0 0 048 0 extractor_edge th-97-first-illegal
47 fffffffc00fb0258 0 600 251 0 16383 65535 0 0 1009 503 1996086 0 0 0ec 0 extractor_edge wire-max-templ
48 0030018200fb0258 0 600 251 2 96 48 466 175 830 328 1996086 0 0 010 0 extractor_edge side-code-2
49 0030018300fb0258 0 600 251 3 96 48 466 175 830 328 1996086 0 0 010 0 extractor_edge side-code-3
50 0030018000fb03f1 0 1009 251 0 96 48 779 175 1009 328 1996086 0 0 001 0 extractor_edge epx-eq-imgw
51 0030018001f70258 0 600 503 0 96 48 370 427 734 503 1996086 0 0 002 0 extractor_edge epy-eq-imgh
52 0060036000fb05e5 0 1509 251 0 216 96 991 98 1009 405 1996086 0 0 081 0 extractor_edge oof-right-left
53 0060036003eb0258 0 600 1003 0 216 96 82 501 902 503 1996086 0 0 082 0 extractor_edge oof-bottom-left
54 00600360ffffffff 0 65535 65535 0 216 96 1007 501 1009 503 1996086 0 0 083 0 extractor_edge oof-max-left
55 0060036100fb05e5 0 1509 251 1 216 96 1007 98 1009 405 1996086 0 0 081 0 extractor_edge oof-right-right
56 0060036103eb0258 0 600 1003 1 216 96 298 501 1009 503 1996086 0 0 082 0 extractor_edge oof-bottom-right
57 00600361ffffffff 0 65535 65535 1 216 96 1007 501 1009 503 1996086 0 0 083 0 extractor_edge oof-max-right
58 0064036000fb0258 0 600 251 0 216 100 82 91 902 411 1996086 0 0 048 0 robustness robust-rows-320
59 0064036100000000 0 0 0 1 216 100 0 0 518 160 1996086 0 0 008 0 robustness robust-rows-320-corner
60 0065036000fb0258 0 600 251 0 216 101 82 90 902 413 1996086 0 0 048 0 robustness robust-rows-323
61 0065036100000000 0 0 0 1 216 101 0 0 518 162 1996086 0 0 008 0 robustness robust-rows-323-corner
62 009e036000fb0258 0 600 251 0 216 158 82 0 902 503 1996086 0 0 048 0 robustness robust-rows-full-image
63 009e036100000000 0 0 0 1 216 158 0 0 518 253 1996086 0 0 008 0 robustness robust-rows-full-image-corner
64 00d8036000fb0258 0 600 251 0 216 216 82 0 902 503 1996086 0 0 048 0 robustness robust-rows-691-clipped
65 00d8036100000000 1 0 0 1 216 216 0 0 518 346 1996086 0 0 048 0 robustness robust-rows-691-clipped-corner
