PROTO 96 64 96 6144 128 10 8 4 3 2674 240
CAND 0 0008002800200030 48 32 0 1 0000 24 20 38 25 0 interior
CAND 1 000800280020000c 12 32 0 1 0000 0 20 26 25 950 clip-left
CAND 2 0008002900060046 70 6 1 1 0000 56 0 38 19 1600 clip-top-right
CAND 3 00080029003c0058 88 60 1 1 0000 74 48 22 16 2322 clip-bottom-right
TEMPL 0 alpha 0 10 8 0 0.409634 28 8 52 28 0.022547 alpha0
TEMPL 1 alpha 1 10 8 80 1.000000 23 9 47 29 0.373959 alpha1
TEMPL 2 beta 0 10 8 160 1.000000 16 16 40 36 0.341506 beta0
BEST 1
BYKIND alpha 1
BYKIND beta 2
SHA256 tb_proto_gray.bin 7f58b921fff52cc283cb12c8f9b0fe606510a9625242f667fe791afab2ff8b8d
SHA256 tb_proto_bin.bin 388e0da5b462f484cf42d6c39abe798baa24095063dbaab150c9259a39e42153
SHA256 tb_proto_patches.bin 8caded60c7a7e7747fa3c691762efac225de721243e2cd3d7fff680a3c9d0b48
SHA256 tb_proto_templs.bin c5df84ae39d6ecbd4684caac07d61cc080b736d375d37f872c00a9592a5b3f78
