9 524520 30648
0 64 48 64 48 0 0 1.000000 0 0 999.000000 equality cosim-eq-identical
1 80 56 20 14 3072 3072 1.000000 60 42 0.776984 peak cosim-final-corner
2 64 48 16 12 7552 3352 1.000000 23 17 0.737963 peak cosim-interior
3 64 48 16 12 10624 3544 0.000000 0 0 0.000000 degenerate cosim-blank
4 40 30 4 4 13696 3736 1.000000 17 9 0.143651 edge cosim-min-4x4
5 64 48 64 48 14896 3752 0.009578 0 0 999.000000 equality equality-different
6 64 48 64 48 17968 6824 -0.732374 0 0 999.000000 equality equality-negative
7 820 307 216 96 21040 9896 1.000000 604 211 0.970873 stress stress-max-envelope
8 820 307 4 4 272780 30632 1.000000 816 303 0.092784 stress stress-max-result
