23 1265042 89196
0 200 120 40 24 0 0 0.000000 0 0 0.000000 degenerate blank-patch
1 240 160 48 32 24000 960 1.000000 150 70 0.902427 peak half-blank-peak
2 300 200 48 32 62400 2496 1.000000 137 61 0.899686 peak peak-interior
3 260 140 36 28 122400 4032 1.000000 224 112 0.861565 peak peak-final-corner
4 220 150 32 24 158800 5040 1.000000 188 63 0.862764 peak peak-final-col
5 220 150 32 24 191800 5808 1.000000 95 126 0.844057 peak peak-final-row
6 64 48 64 48 224800 6576 1.000000 0 0 999.000000 equality equality-identical
7 64 48 64 48 227872 9648 0.009578 0 0 999.000000 equality equality-different
8 64 48 64 48 230944 12720 -0.732374 0 0 999.000000 equality equality-negative
9 120 90 120 40 234016 15792 1.000000 0 33 0.975713 equality equality-width
10 200 80 56 80 244816 20592 1.000000 77 0 0.946805 equality equality-height
11 40 30 4 4 260816 25072 1.000000 17 9 0.287475 edge min-templ-4x4
12 200 150 48 32 262016 25088 0.120174 36 9 0.029678 edge anti-match
13 240 160 48 32 292016 26624 1.000000 150 90 0.895600 robustness grayscale-random
14 820 307 216 96 330416 28160 1.000000 604 211 0.970873 stress stress-max-envelope
15 820 307 216 96 582156 48896 1.000000 3 2 0.968774 stress stress-max-origin
16 820 307 4 4 833896 69632 1.000000 816 303 0.092784 stress stress-max-result
17 324 40 160 27 1085636 69648 1.000000 107 8 0.953723 random random-00-324x40-t160x27
18 298 240 57 91 1098596 73968 1.000000 176 119 0.944010 random random-01-298x240-t57x91
19 318 52 186 37 1170116 79155 1.000000 52 13 0.959111 random random-02-318x52-t186x37
20 114 16 16 11 1186652 86037 1.000000 57 5 0.731904 random random-03-114x16-t16x11
21 318 120 154 10 1188476 86213 1.000000 65 76 0.903784 random random-04-318x120-t154x10
22 222 173 39 37 1226636 87753 1.000000 165 35 0.896382 random random-05-222x173-t39x37
